INSERT 1
Num Time Size
0 0.000083 372
1 0.000048 622
2 0.000046 922
3 0.000052 1237
4 0.000044 1487
5 0.000046 1757
6 0.000042 1973
7 0.000047 2285
8 0.000035 2573
9 0.000032 2909
10 0.000033 3256
11 0.000044 3508
12 0.000055 3787
13 0.000057 4045
14 0.000163 4256
15 0.000056 4510
16 0.000056 4756
17 0.000056 4981
18 0.000062 5303
19 0.000057 5559
20 0.000054 5760
21 0.000057 6059
22 0.000058 6343
23 0.000054 6570
24 0.000053 6784
25 0.000054 6997
26 0.000056 7246
27 0.000057 7528
28 0.000056 7751
29 0.000055 7977
30 0.000060 8200
31 0.000056 8455
32 0.000055 8696
33 0.000057 8948
34 0.000056 9183
35 0.000056 9410
36 0.000056 9677
37 0.000057 9925
38 0.000054 10109
39 0.000053 10285
INSERT 2
Num Time Size
0 0.000059 10559
1 0.000039 10793
2 0.000039 11141
3 0.000042 11365
4 0.000038 11645
5 0.000033 11896
6 0.000029 12117
7 0.000036 12381
8 0.000039 12650
9 0.000030 12877
10 0.000029 13041
11 0.000039 13263
12 0.000029 13470
13 0.000030 13666
14 0.000030 13922
15 0.000030 14136
16 0.000030 14365
17 0.000031 14618
18 0.000031 14931
19 0.000033 15166
20 0.000030 15428
21 0.000032 15741
22 0.000034 16040
23 0.000034 16220
24 0.000108 16469
25 0.000038 16777
26 0.000035 17008
27 0.000037 17326
28 0.000035 17528
29 0.000048 17739
30 0.000056 17967
31 0.000054 18231
32 0.000059 18463
33 0.000061 18827
34 0.000056 19011
35 0.000063 19332
36 0.000058 19595
37 0.000059 19895
38 0.000187 20220
39 0.000103 20473
SELECT
Num Time
0 0.002294
1 0.003894
2 0.005539
3 0.006072
4 0.007631
5 0.008313
6 0.009102
7 0.010630
8 0.011326
9 0.010377
10 0.012198
11 0.017247
12 0.016753
13 0.015118
14 0.016303
15 0.015635
16 0.013172
17 0.013254
18 0.012855
19 0.014327
20 0.014559
21 0.016104
22 0.017007
23 0.015926
24 0.016345
25 0.016613
26 0.016393
27 0.017837
28 0.018380
29 0.019971
30 0.019448
31 0.020150
32 0.021626
33 0.022057
34 0.021850
35 0.027294
36 0.022983
37 0.022680
38 0.023723
39 0.024989
UPDATE
Num Time
0 0.002015
1 0.002770
2 0.003397
3 0.004586
4 0.005868
5 0.007465
6 0.009205
7 0.010114
8 0.011179
9 0.011671
10 0.012888
11 0.013941
12 0.014752
13 0.016710
14 0.016457
15 0.017125
16 0.017209
17 0.018574
18 0.019771
19 0.020435
20 0.021941
21 0.025239
22 0.025203
23 0.028675
24 0.026953
25 0.031414
26 0.028928
27 0.029235
28 0.029172
29 0.031941
30 0.031415
31 0.032264
32 0.032137
33 0.033237
34 0.112376
35 0.064527
36 0.037812
37 0.041557
38 0.041318
39 0.041107
DELETE
Num Time
0 0.000259 275
500 0.004165 10829
1000 0.007773 20898
1500 0.009500 31508
2000 0.014612 41801
2500 0.016774 51889
3000 0.019938 63095
3500 0.024612 72824
4000 0.026245 85098
4500 0.028918 92028
5000 0.047499 104716
5500 -1.947402 113431
6000 0.046320 123100
6500 0.043922 133921
7000 0.044985 145390
7500 0.047876 155691
8000 0.050641 166292
8500 0.155438 177328
9000 0.085340 188115
9500 0.059945 199856
10000 0.061464 207158
10500 0.061997 218227
11000 0.068947 228945
11500 0.095463 239822
12000 0.079780 247083
12500 0.079024 257442
13000 0.098375 270338
13500 0.081037 280814
14000 0.085489 290626
14500 0.089722 301207
15000 -1.900911 313476
15500 0.092089 324145
16000 0.096476 331442
16500 0.107672 342530
17000 0.104869 355421
17500 0.102160 362581
18000 0.120050 374884
18500 0.115353 381713
19000 0.112923 392123
19500 0.126335 405426
